spawns: 
  default: 
    world: worldwalls2
    x: 141.79371504166716
    y: 123.0
    z: 59.782511955582855
    yaw: 79.49991
    pitch: 30.000004
